582 124 956 347 218 673 459 801 335 92 747 268 513 84 629 471 306 895 153 768
421 917 264 579 138 682 495 713 286 94 651 437 829 175 563 398 742 215 689 347
831 468 123 756 394 527 86 613 479 258 794 362 541 917 283 675 149 832 467 91
638 425 719 287 534 96 641 378 815 264 593 427 758 193 846 372 519 684 297 741
468 923 157 684 392 815 246 579 831 364 718 295 534 867 423 756 189 642 475 918
357 684 291 835 476 923 158 647 389 815 462 739 284 561 937 426 753 198 647 385
821 456 793 284 617 359 842 475 918 263 584 397 726 451 839 274 615 398 742 581
294 637 485 912 367 824 159 673 428 795 361 847 295 634 781 423 956 287 614 539
872 345 718 493 826 157 694 382 745 219 563 438 791 264 587 396 824 451 769 238
615 482 937 264 791 358 624 489 713 256 849 372 615 498 723 364 891 247 568 439
792 365 814 279 643 498 721 364 895 247 568 439 812 375 684 291 534 487 923 356
781 294 637 485 912 367 824 159 673 428 795 361 847 295 634 781 423 956 287 614
539 872 345 718 493 826 157 694 382 745 219 563 438 791 264 587 396 824 451 769
238 615 482 937 264 791 358 624 489 713 256 849 372 615 498 723 364 891 247 568
439 792 365 814 279 643 498 721 364 895 247 568 439 812 375 684 291 534 487 923
356 781 294 637 485 912 367 824 159 673 428 795 361 847 295 634 781 423 956 287
614 539 872 345 718 493 826 157 694 382 745 219 563 438 791 264 587 396 824 451
769 238 615 482 937 264 791 358 624 489 713 256 849 372 615 498 723 364 891 247
568 439 792 365 814 279 643 498 721 364 895 247 568 439 812 375 684 291 534 487
923 356 781 294 637 485 912 367 824 159 673 428 795 361 847 295 634 781 423 956
287 614 539 872 345 718 493 826 157 694 382 745 219 563 438 791 264 587 396 824
451 769 238 615 482 937 264 791 358 624 489 713 256 849 372 615 498 723 364 891
247 568 439 792 365 814 279 643 498 721 364 895 247 568 439 812 375 684 291 534
487 923 356 781 294 637 485 912 367 824 159 673 428 795 361 847 295 634 781 423
956 287 614 539 872 345 718 493 826 157 694 382 745 219 563 438 791 264 587 396